22
45
    1  19  7  1
    1  12  2  1
    2  19  6  1
    2  12  16 1
    3  14  11 1
    3  19  6  1
    3  22  6  1
    3  12  3  1
    4  13  6  1
    4  14  14 1
    4  18  8  1
    4  19  8  1
    4  22  11 1
    4  12  5  1
    6  19  5  1
    6  12  12 1
    7  12  10 1
    8  13  5  1
    8  14  11 1
    8  15  0  1
    8  18  10 1
    8  19  10 1
    8  22  6  1
    8  12  10 1
    9  13  0  1
    9  14  13 1
    9  15  5  1
    9  18  10 1
    9  19  7  1
    9  20  5  1
    9  22  7  1
    9  12  10 1
    10 14  4  1
    10 19  5  1
    10 12  11 1
    11 13  1  1
    11 14  15 1
    11 15  2  1
    11 16  4  1
    11 18  11 1
    11 19  9  1
    11 20  9  1
    11 21  9  1
    11 22  10 1 
    11 12  0  1000
1
1
1
1
0
1
1
1
1
1
9
-9
-1
-1
-1
-1
0
-1
-1
-1
-1
-1
